28.7
26.9
28.2
26.2
27.3
27.6
27.0
26.0
19.5
15.2
13.9
15.2
15.1
14.1
15.3
15.4
14.5
14.9
15.3
14.2
15.4
14.9
14.2
15.2
15.2
15.4
14.3
15.1
15.0
15.1
14.3
15.1
14.8
14.7
15.3
15.1
13.8
15.2
15.1
14.2
15.3
15.1
14.2
15.1
14.0
15.3
13.8
14.7
14.6
14.8
15.0
14.5
14.6
15.3
14.6
14.6
15.3
14.5
14.4
15.4
15.3
14.2
15.3
15.1
14.5
14.5
15.4
14.0
15.3
15.3
14.3
15.0
14.9
14.4
15.1
15.0
14.4
15.4
14.7
14.6
15.4
15.2
14.5
15.5
15.3
14.2
15.3
15.1
14.4
15.4
14.7
14.8
15.0
14.7
14.7
15.4
14.7
14.9
15.3
14.6
