14.9
14.9
37.0
36.3
34.9
34.7
37.6
36.4
34.9
34.7
34.6
35.2
35.3
35.6
36.4
37.8
38.1
38.0
38.0
37.9
38.1
37.8
37.7
37.2
37.0
35.6
35.4
35.5
35.5
36.3
38.1
37.7
37.3
37.2
37.1
37.2
37.3
37.3
37.9
37.5
37.5
38.1
38.0
37.3
37.4
37.9
37.6
37.1
37.2
38.1
38.1
38.1
37.9
37.7
37.5
38.1
37.9
37.6
38.1
37.4
36.8
37.2
37.1
37.0
37.0
36.9
37.1
37.1
36.6
37.0
37.3
36.5
37.0
37.1
37.5
38.0
37.8
37.1
37.2
37.6
37.6
38.0
37.9
38.2
37.9
37.9
38.0
37.6
38.0
38.0
37.5
37.8
37.8
37.4
37.7
37.5
37.4
37.7
37.6
37.3
