43.5
42.9
43.5
44.0
45.1
45.1
45.1
45.1
45.1
45.6
46.2
45.6
45.6
46.2
46.2
46.2
46.2
46.7
47.2
47.2
47.2
46.2
47.2
47.2
47.2
48.3
48.3
47.8
47.8
47.8
47.8
48.3
48.3
48.3
48.3
48.3
48.3
48.3
48.3
48.3
49.4
49.4
49.4
49.4
48.9
49.4
48.3
49.4
48.9
48.3
49.9
49.9
49.9
49.4
49.4
48.9
49.4
49.4
49.4
49.9
49.4
49.9
49.4
49.4
50.5
50.5
49.9
49.9
49.9
49.4
49.4
49.9
50.5
49.9
49.9
50.5
49.4
49.9
49.4
50.5
50.5
49.9
50.5
49.4
49.4
49.4
50.5
50.5
50.5
49.9
50.5
49.9
49.9
50.5
50.5
49.9
49.9
49.9
49.9
49.4
49.4
49.4
49.9
50.5
49.4
49.9
49.4
49.9
50.5
49.9
49.9
50.5
49.9
49.4
50.5
49.9
49.9
49.4
49.9
49.4
49.4
49.9
49.9
50.5
49.9
49.9
49.9
49.9
