1400146000
600000000
1399998000
600000000
600000000
1400002000
600000000
600000000
1400000000
600000000
600000000
600000000
600000000
1400000000
600000000
600000000
1400000000
600000000
1400000000
600000000
600000000
1400000000
600000000
600000000
600000000
600000000
1400000000
600000000
600000000
600000000
600000000
600000000
600000000
600000000
600000000
600000000
1400000000
600000000
600000000
600000000
600000000
600000000
600000000
600000000
600000000
600000000
600000000
600000000
600000000
600000000
600000000
600000000
600000000
600000000
600000000
600000000
600000000
600000000
600000000
600000000
600000000
600000000
600000000
600000000
600000000
600000000
600000000
600002000
600000000
600000000
600000000
600000000
600000000
600000000
600000000
600000000
600000000
