35.9
34.3
34.4
35.1
35.2
35.5
35.6
35.1
36.1
35.8
35.7
35.8
35.7
35.2
35.8
35.6
35.0
35.1
35.0
35.3
35.3
34.3
35.7
35.2
35.6
34.9
34.9
30.8
34.9
35.6
35.0
34.2
34.5
35.4
35.7
34.7
35.0
35.4
34.4
35.2
35.2
35.1
34.3
34.8
34.3
34.4
35.2
35.2
35.2
34.9
35.1
35.0
35.7
34.5
33.0
35.3
35.1
35.5
35.4
35.2
35.1
35.3
35.3
35.1
32.9
35.5
35.1
34.6
34.7
35.2
34.6
34.5
34.8
34.7
35.9
35.5
35.2
35.7
35.2
35.5
35.7
35.0
34.9
35.0
34.7
35.1
35.2
33.1
35.2
34.4
33.1
35.6
35.1
34.9
35.1
35.7
35.8
34.2
35.3
35.6
