11.1
22.0
38.3
38.0
38.4
38.0
38.4
38.2
37.6
38.3
38.4
38.5
38.5
38.4
38.3
38.3
38.3
37.8
37.8
37.7
37.6
38.0
37.7
38.3
37.9
38.3
38.2
38.0
38.5
38.2
37.9
38.1
38.5
38.2
38.1
38.1
38.3
38.3
38.2
38.2
38.4
38.3
38.3
38.2
38.2
38.1
38.1
37.8
37.9
38.4
37.6
37.7
38.4
38.3
38.4
38.3
37.7
37.5
37.8
38.0
38.4
38.3
38.5
38.4
38.0
38.4
37.7
38.2
38.4
38.5
37.8
38.2
38.2
38.4
38.4
37.7
38.3
37.6
38.3
37.9
38.4
38.4
38.4
37.6
38.2
38.4
37.8
37.4
37.5
37.5
37.4
37.5
37.5
37.7
37.4
37.4
37.2
37.6
37.4
38.4
