18.7
18.8
30.7
28.1
30.0
35.8
35.1
26.5
23.1
20.9
37.3
31.7
26.0
29.2
28.9
30.4
34.8
38.1
37.0
37.3
35.1
27.4
23.8
28.7
32.9
33.9
29.8
37.1
36.0
32.0
35.5
37.0
35.2
35.5
37.8
36.2
36.9
36.6
38.5
37.2
38.5
37.2
38.7
37.7
38.2
36.9
37.8
37.0
38.7
37.7
37.5
37.5
37.5
38.4
32.5
38.1
32.5
38.4
33.8
38.7
36.1
35.7
37.6
36.6
37.1
37.3
38.7
37.6
38.3
37.0
38.6
37.2
37.4
38.6
36.9
38.0
37.4
38.1
37.7
36.8
37.3
38.4
37.4
38.7
37.6
38.6
37.1
38.5
37.5
38.4
37.3
38.4
35.0
38.6
29.9
38.4
37.0
37.8
37.7
37.3
