29.1
21.3
28.0
25.1
28.7
24.7
23.8
28.5
22.9
21.1
27.3
23.0
30.8
25.0
27.9
23.3
23.6
30.5
23.4
26.3
31.5
28.0
25.7
23.6
25.1
26.3
26.1
27.2
26.9
23.1
26.4
25.3
26.2
23.7
25.6
34.1
26.4
27.6
26.4
31.9
25.2
24.6
30.3
21.7
27.5
29.9
26.0
27.1
24.7
31.1
28.0
25.7
24.6
28.9
26.5
26.1
33.3
23.9
28.6
25.5
31.0
26.5
28.2
25.7
31.8
34.1
25.5
30.9
29.2
25.2
26.7
24.8
29.8
26.4
23.8
24.4
29.8
31.1
26.7
33.3
34.3
34.3
33.9
27.0
34.0
34.4
34.4
33.4
34.3
34.0
34.1
34.3
33.9
28.4
29.5
33.9
34.4
32.9
30.7
34.0
