1400146000
600000000
600000000
600000000
600000000
600000000
1400000000
600000000
600000000
600000000
600000000
600000000
600000000
600000000
600000000
600000000
600000000
600000000
600000000
600000000
600000000
600000000
600000000
600000000
600000000
600000000
600000000
600000000
600000000
600000000
600000000
600000000
600000000
600000000
600000000
600000000
600000000
600000000
600000000
600000000
600000000
600000000
600000000
600000000
600000000
600000000
600000000
600000000
600000000
600000000
1400000000
600000000
600000000
600000000
600000000
600000000
1400000000
600000000
600000000
600000000
600000000
600000000
600000000
1400000000
600000000
600000000
600000000
600000000
600000000
600000000
600000000
600000000
600000000
600000000
600000000
600000000
600000000
600000000
600000000
600000000
600000000
600000000
600000000
600000000
600000000
600000000
600000000
600000000
600000000
600000000
600002000
599998000
600000000
600000000
600000000
600000000
600000000
600000000
600000000
600000000
600000000
600000000
600000000
600000000
600000000
600000000
600000000
600000000
600000000
600000000
600000000
600000000
600000000
600000000
600000000
600000000
600000000
600000000
600000000
600000000
600000000
600000000
600000000
600000000
600000000
600000000
600000000
600000000
600000000
600000000
600000000
600000000
600000000
599998000
600000000
600000000
600000000
600000000
600000000
600000000
600000000
600000000
600000000
600000000
600000000
600000000
600000000
600000000
600000000
600000000
600000000
600000000
600000000
600000000
600000000
600000000
600000000
600000000
599998000
600000000
600000000
600000000
600000000
600000000
600000000
600000000
600000000
600000000
600000000
600000000
600000000
600000000
599998000
600000000
600000000
600000000
600000000
600000000
600000000
600000000
600000000
600000000
600000000
600000000
600000000
600000000
600000000
600000000
600000000
600000000
600000000
600000000
600000000
600000000
600000000
600000000
600000000
600000000
600000000
600000000
