44.0
42.9
43.5
44.0
44.0
44.5
45.1
45.1
45.1
45.1
45.1
45.1
45.1
45.6
45.6
45.6
46.2
45.6
45.6
46.2
46.2
45.6
46.2
46.7
46.2
46.7
46.7
46.7
46.7
47.2
46.2
46.2
46.7
47.2
47.2
47.2
47.2
47.2
47.2
47.2
47.8
47.8
47.2
47.2
47.8
47.2
47.8
47.8
47.8
47.8
47.8
47.8
47.8
47.8
48.3
47.8
48.3
47.2
47.2
48.3
47.8
47.8
47.8
47.8
47.8
47.8
48.3
47.8
47.2
48.3
47.8
47.2
47.8
47.8
47.8
47.8
48.3
48.3
47.8
47.8
48.3
48.3
48.3
48.3
48.3
48.3
47.8
47.8
48.3
48.3
48.9
48.3
48.3
48.3
48.3
48.3
48.3
48.3
48.9
48.3
48.3
47.8
47.8
48.3
48.3
48.3
48.3
48.9
48.3
49.4
48.3
48.3
47.8
48.3
48.3
48.3
48.3
47.8
48.3
48.3
48.3
48.3
48.3
48.3
48.3
47.8
48.3
48.3
48.3
48.3
48.3
48.3
48.3
47.8
48.3
47.8
48.3
48.3
48.3
48.3
47.8
48.3
47.8
47.2
48.3
48.3
47.8
48.3
47.8
48.3
48.3
47.8
47.2
47.8
48.3
47.8
48.3
48.3
48.3
48.3
47.8
48.3
47.8
48.3
48.3
48.3
48.3
48.3
48.3
47.8
48.3
48.3
48.3
47.8
47.8
47.8
48.3
47.8
47.8
47.2
47.8
48.3
47.2
47.8
47.8
48.3
47.8
47.8
48.3
47.8
48.3
47.8
47.8
47.2
48.3
47.8
47.2
47.8
48.3
48.3
